strain
23552
3100
1.93481113970075E-07
-3.35279521024028E-07
-2.05145796473904E-08
-1.77631209534824E-07
2.68640869411111E-05
1.46917189521264E-05
5.35103739539523E-06
-0.000132146632366321
0.000143108391760793
-4.91396602428002E-05
5.68068842174567E-07
1.14325220801986E-08
1.21483424504619E-07
-3.58329538375154E-07
1.66675369081032E-07
-8.38222332103476E-06
0.000976807129631896
0.320782372475967
0.000372172934750746
-0.716625258602607
0.477530644470321
0.363586675545008
0.00572141600712986
0.000506252629378029
4.0831235314143E-07
0.261511111588755
-0.442588454029021
0.00184930925830991
6.79194179405136E-06
0.513430563506405
3.96825084998244E-07
9.88703784125304E-05
0.000350476472576573
2.98717127717921E-07
0.00391695715206527
-9.95808977085015E-10
-1.7343070089507E-06
-0.000326228349902819
0.952863142338052
-0.913790404539796
5.92927864764609E-07
8.43979725055568E-07
-0.608604093278923
2.52826542899412E-06
-1.06383996066761E-06
-1.65847613708614E-05
0.950037025357614
3.65009474954181E-10
2.08037545905706E-06
-6.6610879206833E-06
1.20592892134783E-16
9.87034438204229E-06
-5.60980714032109E-08
-3.71864503074446E-06
0.000955088339277047
-0.00117085294284153
3.41213921266651E-07
0.000503860113200724
-1.15511449389627E-07
-9.62033238795911E-06
1.37826893446428E-06
-2.66434543720771E-08
6.06639002717808E-06
-0.00100072745054144
-5.26695888961758E-09
2.45575562381067E-07
-0.00295785855540421
-7.29894896190482E-05
1.82169673833462E-05
3.98877080317347E-06
-1.67066456768434E-05
0.00269436874028047
0.000932828683678446
2.47312814234964E-05
2.23289162878964E-05
-0.00394499332037402
-1.48239815879193E-06
2.44290175607814E-09
-0.00092484190264434
4.29200813923749E-06
-3.23423488599727E-07
2.39791695744333E-09
-9.28738525874408E-08
3.64044248177565E-07
-1.5000197721536E-07
3.1854849992931E-05
0.204869711401346
-1.75152893212993E-06
0.753543418251697
-2.8512223880644E-06
-0.214816367427276
0.5208122099381
0.541433539493677
-1.40915240130298E-07
-0.000147892244381409
0.232556526191792
0.619476680001
-0.626471804525655
9.231908695711E-08
0.334053721434462
0.848036604397016
-1.50874108641269E-05
1.16696302307072E-09
-0.0769938615163832
8.82044481183528E-08
2.78111546725584E-05
-0.0293931132918121
0.0862355758107043
6.11640966775918E-13
-2.38596199258064E-05
2.10522162526881E-05
-5.40625831737921E-10
5.15002572273138E-09
5.91394646337658E-07
0.0100010785577728
1.77263280915937E-06
-2.09097793972099E-08
-0.00613578350528642
8.75579443101267E-05
-2.89215427599016E-07
-0.00161711763064985
0.00436369819210305
-7.14120055326921E-06
0.879547048304019
7.5212792409388E-08
-3.54790144275677E-06
0.000102016188226107
-2.63966792051761E-07
1.23595833502741E-06
-0.000285686617000759
-0.00309002338080039
2.47495582591719E-06
0.348360875317995
6.11786576343536E-05
5.82098745278084E-05
-0.00167156844590844
-3.24818970530047E-07
1.10009888329826E-06
-5.80945337782904E-07
5.13538512373616E-06
-1.01699148903975E-08
-0.000328215989985172
9.20079594352652E-05
1.66461639734823E-06
-4.28136465977592E-07
0.000130614215481838
0.00161800897992056
3.73681150636493E-09
-8.14076824282646E-05
3.93881225800421E-07
4.44903217951883E-05
7.52249049446269E-05
3.47723212747709E-06
-4.2881226835126E-05
0.000411768686582449
4.25929546555654E-07
5.93080200915558E-05
3.05119036499688E-06
0.00120836030964503
2.74406545180053E-05
-3.87899177284863E-09
-0.00117550142466546
-8.80764552622479E-06
2.67618311936602E-07
-6.82510260586774E-06
0.000250712049090348
0.012561910239543
0.15252678005547
6.64043214764986E-06
0.000498676385508453
-7.86527092172237E-09
8.90762261321402E-09
-0.00590826453209609
4.41479579309606E-07
0.013836987491903
-0.000556991578309105
1.85343960722811E-08
-2.48668527617029E-09
3.33968302658816E-07
1.39421655640628E-11
4.81049261055641E-09
0.00021943350341386
3.30667597025563E-07
1.30964728668203E-06
4.85711241376504E-07
-1.66303846279287E-06
0.000461028396613447
-0.0382570320416189
-8.27991776842058E-09
-0.00179835707747242
-0.000192800709220857
-4.35775457467514E-07
-2.5349429528826E-05
-1.40000873959691E-07
-0.00266835853022415
-0.145733095448583
-0.000277331979519908
0.00507760502182952
4.94695023045935E-05
-4.36522793741625E-06
0.913455135148696
4.76719630757532E-08
-0.000455807269504063
-1.18010660238278E-07
6.81324157853877E-05
0.608196970824244
0.905538544014813
-1.14083037451697E-06
-6.98786317161398E-05
-0.867135690980818
3.49392126064043E-07
0.748122453572286
0.00613946875180174
-0.000311729199282908
-6.68931925668324E-05
-0.0642683184543724
6.60929686214389E-05
